0 ✓ mwleeds@x1carbon ~/Desktop/math410 (master) (1 key)
↳ cat m4
8
8
8,11,-2,4,6,-2,3,2
3,4,5,-3,2,6,-3,11
4,7,3,7,-3,6,3,8
7,4,3,-6,6,1,10,5
3,-1,2,-4,3,-10,1,7
3,8,3,-2,-5,0,1,2
-1,-1,-3,4,0,2,-2,-2
11,5,8,2,-2,6,0,7
0 ✓ mwleeds@x1carbon ~/Desktop/math410 (master) (1 key)
↳ ./math410 m4
H:
             8      -5.74212      -4.05363     -0.584502      -5.72049       8.34579       2.13894      -6.10762
      -14.6287       15.6449       11.7737        1.4559      -5.73795       3.38218      -0.48456       6.54914
   8.86695e-07       11.9366      0.271591      -6.21051       -4.7046     -0.589039      -0.77691     -0.929113
  -3.76737e-07   2.26692e-07      -7.32183        -1.814       3.14034      0.281912       3.71037      -2.23225
   1.29737e-08  -3.28361e-07  -4.83936e-10       12.4444       3.53175        2.9872      -5.42945       1.36539
   -7.6787e-07   3.52397e-07   1.73686e-07   4.23125e-07      -2.82044      -7.34032       2.96988      -5.59362
  -6.87534e-07  -2.54596e-07  -2.57095e-07   -1.3499e-07   2.34735e-09      -4.15494       3.04192       6.41896
   5.48494e-07   1.48854e-07   -2.5396e-07   3.78335e-07   1.47151e-08  -5.96046e-08      -3.90884       -4.3358


